86
1
11
18
63
36
36
89
84
18
18
48
48
30
17
46
56
48
62
65
99
43
40
28
37
75
91
60
28
4
19
74
34
-1
14
-1
95
84
78
81
69
5
26
19
39
87
61
68
2
78
12
30
46
30
45
9
46
49
91
12
14
32
80
46
78
5
56
68
20
34
1
50
64
10
17
84
28
97
86
19
17
90
3
63
24
80
35
53
10
91
80
36
92
24
19
45
48
97
8
82
19
61
97
69
60
91
50
72
38
16
76
2
76
29
7
5
37
88
75
97
82
87
74
8
97
48
38
50
20
34
91
42
19
59
54
37
61
38
26
89
71
2
74
73
45
25
38
44
61
22
36
28
66
35
34
54
42
46
20
66
82
92
90
17
49
98
-1
61
85
7
40
1
0
57
80
87
57
96
31
77
52
54
100
95
66
98
68
61
43
4
5
54
2
27
13
67
13
42
18
99
37
12
59
72
32
3
74
83
2
62
68
97
66
96
74
91
18
38
47
35
15
12
92
80
24
33
66
13
69
57
73
60
12
2
42
22
16
92
95
52
17
13
45
35
31
86
80
45
48
64
45
99
49
53
83
9
22
14
67
-1
46
3
85
13
94
9
18
100
58
14
37
15
95
69
7
96
7
85
40
39
21
63
100
64
9
82
64
93
34
33
31
34
79
17
58
3
76
54
38
8
60
94
30
73
92
86
20
91
27
75
13
56
38
33
69
35
92
3
4
79
90
11
22
16
49
79
27
81
17
40
70
79
29
40
5
51
30
3
90
29
100
87
65
34
15
36
32
35
60
21
31
49
27
62
18
36
40
92
37
20
67
6
0
48
20
19
57
33
22
76
42
62
31
75
90
42
82
90
63
-1
62
34
-1
88
28
75
96
77
64
9
89
31
85
53
14
51
41
44
83
80
16
61
52
1
34
14
40
26
80
23
1
34
65
64
49
31
34
30
71
87
29
6
85
24
18
65
63
64
49
19
87
4
72
32
33
83
69
4
78
61
64
28
38
84
91
81
53
100
25
43
9
2
73
31
15
64
82
61
42
25
1
4
5
55
14
47
75
-1
73
41
19
0
54
79
52
58
33
77
37
34
97
62
96
87
56
53
3
68
24
20
19
18
59
78
63
100
83
46
54
46
31
44
91
29
57
7
44
37
94
42
90
37
3
97
55
32
18
63
52
59
35
36
30
68
56
38
31
42
1
31
99
-1
10
79
46
7
94
38
35
14
14
92
0
13
18
66
62
30
97
29
17
90
15
6
5
88
1
64
46
89
89
92
0
35
73
59
0
26
46
-1
93
78
23
8
72
93
25
26
83
36
5
64
45
38
56
68
95
86
34
49
48
97
18
21
27
91
6
22
100
31
11
58
98
0
95
78
8
37
71
41
2
73
87
52
58
66
87
14
15
7
65
13
85
55
35
83
9
21
29
55
96
72
77
63
5
5
50
54
50
89
64
10
28
0
80
53
61
9
21
55
86
45
7
76
9
83
66
38
27
74
83
36
46
22
13
77
16
1
94
66
41
65
80
72
10
28
51
47
44
88
69
77
59
28
25
24
35
74
55
44
53
86
57
49
45
94
60
94
99
39
51
40
87
64
80
17
70
24
44
38
51
45
43
83
17
30
8
47
31
55
8
11
79
37
97
68
40
68
15
45
12
11
49
50
18
12
39
5
70
79
77
28
85
57
55
7
83
37
73
29
47
79
19
15
15
74
70
71
63
34
42
74
42
55
42
94
55
68
97
50
70
69
43
15
28
1
73
0
70
6
32
54
66
79
98
88
21
58
70
3
24
13
69
56
65
16
34
37
45
90
2
2
47
65
89
47
24
88
79
92
93
85
55
26
77
92
37
98
20
43
44
12
20
77
34
77
25
93
3
100
44
91
25
50
52
4
57
43
71
25
45
73
56
7
85
76
2
7
98
22
59
24
37
15
79
49
41
85
15
12
7
19
66
38
16
88
51
41
98
95
72
31
33
95
87
5
89
76
73
48
77
2
26
63
21
54
5
10
82
35
96
29
27
35
3
4
67
45
6
95
55
40
14
75
13
96
28
49
61
0
21
34
9
62
33
11
19
92
44
97
61
46
20
33
70
30
87
92
6
93
77
49
29
19
45
3
49
47
72
77
22
98
18
95
73
84
32
16
4
63
15
17
96
96
39
32
93
12
97
25
4
3
86
34
42
40
39
20
65
31
0
65
69
8
38
35
76
36
22
61
77
53
25
93
93
44
98
25
54
37
24
42
68
93
54
44
70
37
3
30
